duration,count,class
34,5889,0.0
-57806,1,1.0
-57440,1,0.0
-56345,1,1.0
-55979,1,0.0
-55614,1,0.0
-55249,1,0.0
-54518,1,0.0
-54153,1,0.0
-53788,1,0.0
-53423,1,0.0
-51596,1,0.0
-51231,1,0.0
-50866,1,0.0
-50501,1,0.0
-49770,1,0.0
-49405,1,0.0
-49040,1,0.0
-48674,1,0.0
-48309,1,0.0
-47944,1,0.0
-47213,1,0.0
-46848,1,0.0
-46483,1,0.0
-46118,1,0.0
-45752,1,0.0
-45022,1,0.0
-44657,1,0.0
-44291,1,0.0
-43926,1,0.0
-43196,1,0.0
-42830,1,0.0
-42465,1,0.0
-42100,1,0.0
-41735,1,0.0
-41369,1,0.0
-41004,1,0.0
-40639,1,0.0
-39543,1,0.0
-37717,1,0.0
-37352,1,0.0
-36621,1,0.0
-36256,1,0.0
-35891,1,0.0
-35525,1,0.0
-35160,1,0.0
-34795,1,0.0
-32603,1,0.0
-32238,1,0.0
-30777,1,0.0
-27491,1,0.0
-20551,1,0.0
-19821,1,0.0
-18225,1,0.0
-14707,1,0.0
-6306,1,0.0
-1193,1,0.0
-1096,9,0.0
-731,9,0.0
-423,1,0.0
-366,5,0.0
-346,19,0.0
-345,3,0.0
-344,11,0.0
-343,1,0.0
-338,5,0.0
-336,1,0.0
-331,1,0.0
-325,3,0.0
-313,1,0.0
-297,3,0.0
-296,1,0.0
-295,2,0.0
-294,1,0.0
-287,1,0.0
-283,1,0.0
-281,2,0.0
-278,1,0.0
-276,3,0.0
-275,1,0.0
-272,1,0.0
-269,5,0.0
-268,1,0.0
-264,2,0.0
-263,1,0.0
-262,1,0.0
-261,2,0.0
-258,2,0.0
-251,1,0.0
-250,4,0.0
-245,1,0.0
-243,1,0.0
-241,1,0.0
-239,4,0.0
-238,1,0.0
-235,1,0.0
-230,2,0.0
-229,1,0.0
-221,1,0.0
-220,2,0.0
-218,1,0.0
-216,1,0.0
-214,1,0.0
-211,1,0.0
-203,1,0.0
-199,1,0.0
-196,4,0.0
-194,2,0.0
-191,1,0.0
-190,1,0.0
-189,1,0.0
-187,1,0.0
-185,1,0.0
-172,2,0.0
-141,2,0.0
-139,1,0.0
-133,1,0.0
-130,1,0.0
-109,1,0.0
-104,1,0.0
-79,1,0.0
-73,1,0.0
-71,2,0.0
-55,1,0.0
-35,1,0.0
-34,1,0.0
-33,3,0.0
-31,1,0.0
-28,1,0.0
-26,3,0.0
-25,1,0.0
-23,3,0.0
-22,8,0.0
-21,4,0.0
-20,5,0.0
-19,10,0.0
-18,7,0.0
-17,17,0.0
-16,6,0.0
-15,5,0.0
-14,5,0.0
-13,4,0.0
-12,9,0.0
-11,8,0.0
-10,9,0.0
-9,1,0.0
-8,6,0.0
-7,7,0.0
-6,5,0.0
-5,12,0.0
-4,6,0.0
-3,8,0.0
-2,6,0.0
-1,6,0.0
0,73,0.0
1,144,0.0
2,324,0.0
3,469,0.0
4,608,0.0
5,639,0.0
6,507,0.0
7,1376,0.0
8,309,0.0
9,1286,0.0
10,576,0.0
11,696,0.0
12,531,0.0
13,466,0.0
14,1061,0.0
15,1011,0.0
16,3750,0.0
17,845,0.0
18,1384,0.0
19,2803,0.0
20,1918,0.0
21,575,0.0
22,822,0.0
23,1435,0.0
24,1132,0.0
25,2360,0.0
26,2728,0.0
27,924,0.0
28,1053,0.0
29,2380,0.0
30,23727,0.0
31,3422,0.0
32,5954,0.0
33,834,0.0
34,641,0.0
35,1202,0.0
36,516,0.0
37,1642,0.0
38,1378,0.0
39,1902,0.0
40,2836,0.0
41,492,0.0
42,1754,0.0
43,715,0.0
44,1876,0.0
45,1688,0.0
46,2984,0.0
47,1596,0.0
48,424,0.0
49,740,0.0
50,1552,0.0
51,1939,0.0
52,2165,0.0
53,2859,0.0
54,1248,0.0
55,546,0.0
56,883,0.0
57,1883,0.0
58,2552,0.0
59,1514,0.0
60,4803,0.0
61,1764,0.0
62,545,0.0
63,747,0.0
64,581,0.0
65,1911,0.0
66,5766,0.0
67,1297,0.0
68,655,0.0
69,1330,0.0
70,723,0.0
71,814,0.0
72,1004,0.0
73,18573,0.0
74,4813,0.0
75,5213,0.0
76,747,0.0
77,1807,0.0
78,3791,0.0
79,1334,0.0
80,933,0.0
81,806,0.0
82,1119,0.0
83,316,0.0
84,578,0.0
85,11625,0.0
86,4236,0.0
87,1048,0.0
88,4342,0.0
89,11466,0.0
90,9395,0.0
91,9417,0.0
92,10754,0.0
93,3838,0.0
94,817,0.0
95,871,0.0
96,2302,0.0
97,1811,0.0
98,418,0.0
99,1245,0.0
100,13454,0.0
101,2143,0.0
102,2772,0.0
103,1474,0.0
104,6259,0.0
105,3723,0.0
106,999,0.0
107,1440,0.0
108,2779,0.0
109,1588,0.0
110,1276,0.0
111,1352,0.0
112,2666,0.0
113,4152,0.0
114,1109,0.0
115,1117,0.0
116,3419,0.0
117,1075,0.0
118,869,0.0
119,1688,0.0
120,1864,0.0
121,1971,0.0
122,1774,0.0
123,6849,0.0
124,1008,0.0
125,941,0.0
126,734,0.0
127,477,0.0
128,2679,0.0
129,1319,0.0
130,1305,0.0
131,4303,0.0
132,1071,0.0
133,1913,0.0
134,887,0.0
135,3221,0.0
136,3095,0.0
137,1510,0.0
138,1248,0.0
139,659,0.0
140,1438,0.0
141,832,0.0
142,4363,0.0
143,874,0.0
144,1847,0.0
145,2641,0.0
146,753,0.0
147,871,0.0
148,974,0.0
149,11352,0.0
150,2444,0.0
151,2168,0.0
152,5486,0.0
153,5691,0.0
154,351,0.0
155,1068,0.0
156,2647,0.0
157,929,0.0
158,5783,0.0
159,2981,0.0
160,435,0.0
161,1287,0.0
162,661,0.0
163,1215,0.0
164,869,0.0
165,574,0.0
166,2875,0.0
167,1188,0.0
168,444,0.0
169,834,0.0
170,506,0.0
171,4872,0.0
172,870,0.0
173,2667,0.0
174,1741,0.0
175,3724,0.0
176,2376,0.0
177,1652,0.0
178,1132,0.0
179,2707,0.0
180,5712,0.0
181,1016,0.0
182,492,0.0
183,5602,0.0
184,18567,0.0
185,1753,0.0
186,1088,0.0
187,431,0.0
188,478,0.0
189,1432,0.0
190,10711,0.0
191,1875,0.0
192,1110,0.0
193,711,0.0
194,2607,0.0
195,553,0.0
196,617,0.0
197,391,0.0
198,2049,0.0
199,2097,0.0
200,1719,0.0
201,1548,0.0
202,797,0.0
203,404,0.0
204,519,0.0
205,772,0.0
206,1208,0.0
207,4045,0.0
208,12364,0.0
209,1792,0.0
210,1193,0.0
211,4077,0.0
212,922,0.0
213,3858,0.0
214,12361,0.0
215,718,0.0
216,908,0.0
217,605,0.0
218,295,0.0
219,818,1.0
220,4541,1.0
221,877,1.0
222,490,1.0
223,1758,1.0
224,385,1.0
225,587,1.0
226,1473,1.0
227,799,1.0
228,729,1.0
229,635,1.0
230,3811,1.0
231,298,1.0
232,346,1.0
233,726,1.0
234,806,1.0
235,2530,1.0
236,1656,1.0
237,1637,1.0
238,404,1.0
239,777,1.0
240,1069,1.0
241,3154,1.0
242,702,1.0
243,1065,1.0
244,812,1.0
245,1624,0.0
246,813,0.0
247,416,0.0
248,866,0.0
249,4183,2.0
250,563,2.0
251,1264,2.0
252,133,2.0
253,238,2.0
254,491,2.0
255,842,0.0
256,866,0.0
257,562,0.0
258,1090,0.0
259,123,0.0
260,584,0.0
261,355,0.0
262,1507,0.0
263,387,0.0
264,3996,0.0
265,1320,0.0
266,145,0.0
267,201,0.0
268,1128,0.0
269,4434,0.0
270,958,0.0
271,358,0.0
272,1709,0.0
273,190,0.0
274,4401,0.0
275,1280,0.0
276,1348,0.0
277,376,0.0
278,344,0.0
279,2257,2.0
280,1046,2.0
281,887,2.0
282,2607,2.0
283,2616,2.0
284,2889,2.0
285,768,2.0
286,1265,2.0
287,286,0.0
288,203,0.0
289,407,0.0
290,352,0.0
291,689,0.0
292,375,0.0
293,811,0.0
294,987,0.0
295,298,0.0
296,614,0.0
297,1794,0.0
298,1915,0.0
299,1530,0.0
300,1604,0.0
301,225,0.0
302,248,0.0
303,1749,0.0
304,1046,0.0
305,3496,0.0
306,2633,0.0
307,551,0.0
308,118,0.0
309,137,0.0
310,429,0.0
311,1797,0.0
312,2360,0.0
313,578,0.0
314,1259,0.0
315,199,0.0
316,457,0.0
317,380,0.0
318,895,0.0
319,2264,0.0
320,3199,0.0
321,1459,0.0
322,2190,0.0
323,262,0.0
324,5325,0.0
325,6727,0.0
326,4778,0.0
327,1029,0.0
328,2267,0.0
329,421,0.0
330,13294,0.0
331,312,0.0
332,468,0.0
333,6995,0.0
334,524,0.0
335,2590,0.0
336,861,0.0
337,754,0.0
338,320,0.0
339,15819,0.0
340,688,0.0
341,725,0.0
342,376,2.0
343,723,2.0
344,112,2.0
345,4125,2.0
346,544,2.0
347,364,2.0
348,31922,2.0
349,14272,2.0
350,245,0.0
351,87,0.0
352,301,0.0
353,2969,0.0
354,45253,0.0
355,2395,0.0
356,4092,0.0
357,1107,0.0
358,115,0.0
359,478,0.0
360,1129,0.0
361,1587,0.0
362,7938,0.0
363,5506,0.0
364,11510,0.0
365,42588,0.0
366,23017,0.0
367,284,0.0
368,71,0.0
369,54,0.0
370,346,0.0
371,1308,0.0
372,64,0.0
373,83,0.0
374,92,0.0
375,115,0.0
376,67,0.0
377,70,0.0
378,52,0.0
379,146,0.0
380,901,0.0
381,104,0.0
382,44,0.0
383,139,0.0
384,104,0.0
385,441,0.0
386,91,0.0
387,421,0.0
388,182,0.0
389,40,0.0
390,65,0.0
391,76,0.0
392,61,0.0
393,220,0.0
394,208,0.0
395,169,0.0
396,990,0.0
397,64,0.0
398,116,0.0
399,96,0.0
400,44,0.0
401,44,0.0
402,47,0.0
403,43,0.0
404,4322,0.0
405,72,0.0
406,51,0.0
407,57,0.0
408,47,0.0
409,50,0.0
410,55,0.0
411,45,0.0
412,32,0.0
413,273,0.0
414,112,0.0
415,83,0.0
416,47,0.0
417,76,0.0
418,46,0.0
419,47,0.0
420,54,0.0
421,57,0.0
422,46,0.0
423,528,0.0
424,53,0.0
425,256,0.0
426,59,0.0
427,60,0.0
428,62,0.0
429,89,0.0
430,69,0.0
431,90,0.0
432,63,0.0
433,164,0.0
434,46,0.0
435,64,0.0
436,50,0.0
437,98,0.0
438,343,0.0
439,149,0.0
440,50,0.0
441,53,0.0
442,61,0.0
443,233,0.0
444,65,0.0
445,25,0.0
446,44,0.0
447,36,0.0
448,41,0.0
449,39,0.0
450,105,0.0
451,38,0.0
452,34,0.0
453,37,0.0
454,84,0.0
455,36,0.0
456,413,0.0
457,83,0.0
458,56,0.0
459,33,0.0
460,43,0.0
461,28,0.0
462,377,0.0
463,48,0.0
464,32,0.0
465,67,0.0
466,41,0.0
467,173,0.0
468,105,0.0
469,53,0.0
470,198,0.0
471,56,0.0
472,111,0.0
473,26,0.0
474,18,0.0
475,47,0.0
476,45,0.0
477,128,0.0
478,37,0.0
479,53,0.0
480,43,0.0
481,38,0.0
482,42,0.0
483,28,0.0
484,54,0.0
485,1352,0.0
486,84,0.0
487,29,0.0
488,752,0.0
489,84,0.0
490,18,0.0
491,29,0.0
492,27,0.0
493,291,0.0
494,926,0.0
495,33,0.0
496,39,0.0
497,37,0.0
498,24,0.0
499,173,0.0
500,51,0.0
501,60,0.0
502,23,0.0
503,27,0.0
504,23,0.0
505,26,0.0
506,49,0.0
507,35,0.0
508,18,0.0
509,27,0.0
510,38,0.0
511,30,0.0
512,42,0.0
513,34,0.0
514,72,0.0
515,31,0.0
516,67,0.0
517,99,0.0
518,34,0.0
519,138,0.0
520,42,0.0
521,245,0.0
522,19,0.0
523,28,0.0
524,41,0.0
525,22,0.0
526,28,0.0
527,43,0.0
528,36,0.0
529,31,0.0
530,29,0.0
531,80,0.0
532,30,0.0
533,26,0.0
534,46,0.0
535,47,0.0
536,27,0.0
537,30,0.0
538,47,0.0
539,37,0.0
540,40,0.0
541,40,0.0
542,31,0.0
543,37,0.0
544,25,0.0
545,27,0.0
546,51,0.0
547,29,0.0
548,148,0.0
549,32,0.0
550,29,0.0
551,23,0.0
552,32,0.0
553,30,0.0
554,26,0.0
555,35,0.0
556,49,0.0
557,21,0.0
558,29,0.0
559,34,0.0
560,23,0.0
561,21,0.0
562,14,0.0
563,30,0.0
564,14,0.0
565,10,0.0
566,30,0.0
567,24,0.0
568,30,0.0
569,19,0.0
570,25,0.0
571,30,0.0
572,25,0.0
573,33,0.0
574,31,0.0
575,40,0.0
576,51,0.0
577,43,0.0
578,35,0.0
579,45,0.0
580,61,0.0
581,38,0.0
582,42,0.0
583,15,0.0
584,38,0.0
585,17,0.0
586,15,0.0
587,22,0.0
588,20,0.0
589,18,0.0
590,26,0.0
591,28,0.0
592,11,0.0
593,24,0.0
594,25,0.0
595,25,0.0
596,36,0.0
597,18,0.0
598,37,0.0
599,270,0.0
600,19,0.0
601,39,0.0
602,23,0.0
603,26,0.0
604,36,0.0
605,84,0.0
606,31,0.0
607,106,0.0
608,27,0.0
609,49,0.0
610,39,0.0
611,23,0.0
612,34,0.0
613,26,0.0
614,22,0.0
615,33,0.0
616,31,0.0
617,29,0.0
618,23,0.0
619,36,0.0
620,30,0.0
621,49,0.0
622,93,0.0
623,28,0.0
624,22,0.0
625,150,0.0
626,30,0.0
627,47,0.0
628,26,0.0
629,37,0.0
630,27,0.0
631,30,0.0
632,21,0.0
633,41,0.0
634,23,0.0
635,22,0.0
636,24,0.0
637,245,0.0
638,53,0.0
639,85,0.0
640,120,0.0
641,33,0.0
642,41,0.0
643,94,0.0
644,36,0.0
645,38,0.0
646,33,0.0
647,34,0.0
648,11,0.0
649,18,0.0
650,27,0.0
651,30,0.0
652,24,0.0
653,17,0.0
654,87,0.0
655,33,0.0
656,19,0.0
657,22,0.0
658,29,0.0
659,36,0.0
660,18,0.0
661,76,0.0
662,20,0.0
663,18,0.0
664,35,0.0
665,30,0.0
666,35,0.0
667,20,0.0
668,46,0.0
669,32,0.0
670,24,0.0
671,31,0.0
672,35,0.0
673,26,0.0
674,13,0.0
675,24,0.0
676,17,0.0
677,22,0.0
678,87,0.0
679,16,0.0
680,26,0.0
681,30,0.0
682,36,0.0
683,20,0.0
684,21,0.0
685,21,0.0
686,30,0.0
687,58,0.0
688,56,0.0
689,41,0.0
690,10,0.0
691,24,0.0
692,3730,0.0
693,18,0.0
694,25,0.0
695,703,0.0
696,39,0.0
697,27,0.0
698,31,0.0
699,41,0.0
700,220,0.0
701,43,0.0
702,58,0.0
703,27,0.0
704,10,0.0
705,14,0.0
706,23,0.0
707,16,0.0
708,28,0.0
709,16,0.0
710,27,0.0
711,14,0.0
712,38,0.0
713,15,0.0
714,26,0.0
715,20,0.0
716,27,0.0
717,27,0.0
718,9,0.0
719,11,0.0
720,24,0.0
721,19,0.0
722,28,0.0
723,37,0.0
724,44,0.0
725,15,0.0
726,32,0.0
727,32,0.0
728,94,0.0
729,195,0.0
730,38,0.0
731,2643,0.0
732,4,0.0
733,15,0.0
734,17,0.0
735,16,0.0
736,20,0.0
737,14,0.0
738,10,0.0
739,13,0.0
740,12,0.0
741,9,0.0
742,28,0.0
743,26,0.0
744,25,0.0
745,52,0.0
746,86,0.0
747,526,0.0
748,18,0.0
749,11,0.0
750,62,0.0
751,16,0.0
752,19,0.0
753,5,0.0
754,7,0.0
755,9,0.0
756,16,0.0
757,21,0.0
758,24,0.0
759,37,0.0
760,7,0.0
761,10,0.0
762,18,0.0
763,23,0.0
764,12,0.0
765,15,0.0
766,14,0.0
767,5,0.0
768,4,0.0
769,15,0.0
770,8,0.0
771,22,0.0
772,19,0.0
773,17,0.0
774,6,0.0
775,72,0.0
776,15,0.0
777,10,0.0
778,199,0.0
779,20,0.0
780,17,0.0
781,5,0.0
782,5,0.0
783,20,0.0
784,14,0.0
785,16,0.0
786,21,0.0
787,18,0.0
788,7,0.0
789,24,0.0
790,10,0.0
791,12,0.0
792,14,0.0
793,13,0.0
794,20,0.0
795,4,0.0
796,4,0.0
797,11,0.0
798,6,0.0
799,4,0.0
800,16,0.0
801,15,0.0
802,4,0.0
803,7,0.0
804,14,0.0
805,44,0.0
806,16,0.0
807,8,0.0
808,22,0.0
809,3,0.0
810,6,0.0
811,23,0.0
812,20,0.0
813,22,0.0
814,20,0.0
815,21,0.0
816,4,0.0
817,6,0.0
818,116,0.0
819,23,0.0
820,1018,0.0
821,27,0.0
822,24,0.0
823,5,0.0
824,7,0.0
825,15,0.0
826,7,0.0
827,8,0.0
828,19,0.0
829,20,0.0
830,18,0.0
831,87,0.0
832,82,0.0
833,96,0.0
834,160,0.0
835,408,0.0
836,3066,0.0
837,2,0.0
838,6,0.0
839,7,0.0
840,2,0.0
841,2,0.0
842,1,0.0
843,3,0.0
844,5,0.0
845,2,0.0
846,3,0.0
847,3,0.0
848,1,0.0
850,7,0.0
851,6,0.0
853,2,0.0
854,2,0.0
855,1,0.0
856,10,0.0
857,1,0.0
858,2,0.0
859,4,0.0
860,1,0.0
861,3,0.0
862,12,0.0
863,5,0.0
864,2,0.0
865,5,0.0
866,1,0.0
867,1,0.0
868,4,0.0
869,7,0.0
870,3,0.0
871,3,0.0
872,2,0.0
873,3,0.0
875,4,0.0
876,3,0.0
877,3,0.0
878,2,0.0
879,3,0.0
880,1,0.0
881,3,0.0
882,2,0.0
883,3,0.0
884,2,0.0
885,4,0.0
886,3,0.0
887,8,0.0
888,5,0.0
889,3,0.0
890,1,0.0
891,1,0.0
893,3,0.0
894,2,0.0
895,3,0.0
896,1,0.0
897,3,0.0
898,2,0.0
899,1,0.0
900,1,0.0
901,1,0.0
902,6,0.0
903,2,0.0
904,2,0.0
905,2,0.0
908,2,0.0
909,2,0.0
910,5,0.0
912,2,0.0
913,1,0.0
914,4,0.0
915,4,0.0
916,6,0.0
917,1,0.0
918,6,0.0
919,2,0.0
920,1,0.0
921,1,0.0
922,2,0.0
923,3,0.0
924,3,0.0
925,5,0.0
927,2,0.0
928,5,0.0
929,1,0.0
931,3,0.0
932,2,0.0
933,3,0.0
934,5,0.0
935,3,0.0
936,1,0.0
937,1,0.0
938,1,0.0
939,4,0.0
940,1,0.0
942,2,0.0
943,2,0.0
944,2,0.0
945,7,0.0
946,2,0.0
947,1,0.0
948,2,0.0
949,3,0.0
950,1,0.0
951,4,0.0
952,2,0.0
953,2,0.0
954,2,0.0
955,2,0.0
956,2,0.0
957,3,0.0
958,10,0.0
959,2,0.0
960,1,0.0
961,2,0.0
962,4,0.0
963,58,0.0
964,2,0.0
965,3,0.0
966,4,0.0
967,3,0.0
968,3,0.0
969,2,0.0
970,2,0.0
971,1,0.0
972,6,0.0
973,1,0.0
975,5,0.0
976,3,0.0
977,4,0.0
978,1,0.0
982,2,0.0
983,2,0.0
984,1,0.0
985,3,0.0
986,2,0.0
987,2,0.0
988,3,0.0
989,2,0.0
990,1,0.0
991,2,0.0
992,24,0.0
993,6,0.0
994,4,0.0
995,1,0.0
996,1,0.0
997,4,0.0
998,1,0.0
999,4,0.0
1000,2,0.0
1001,4,0.0
1002,2,0.0
1003,1,0.0
1004,2,0.0
1005,1,0.0
1006,4,0.0
1007,6,0.0
1008,3,0.0
1009,4,0.0
1010,1,0.0
1011,1,0.0
1012,2,0.0
1013,1,0.0
1014,2,0.0
1015,1,0.0
1016,1,0.0
1017,2,0.0
1018,1,0.0
1020,3,0.0
1023,3,0.0
1024,3,0.0
1026,3,0.0
1027,1,0.0
1028,3,0.0
1029,3,0.0
1030,2,0.0
1033,1,0.0
1035,3,0.0
1036,1,0.0
1037,5,0.0
1038,1,0.0
1039,2,0.0
1041,2,0.0
1042,1,0.0
1044,1,0.0
1045,1,0.0
1046,3,0.0
1049,3,0.0
1050,1,0.0
1051,2,0.0
1052,3,0.0
1053,2,0.0
1054,3,0.0
1056,3,0.0
1057,4,0.0
1058,2,0.0
1059,1,0.0
1062,2,0.0
1064,1,0.0
1065,2,0.0
1066,1,0.0
1067,3,0.0
1068,2,0.0
1069,2,0.0
1070,2,0.0
1071,5,0.0
1072,2,0.0
1073,1,0.0
1074,35,1.0
1075,1,1.0
1077,1,1.0
1078,3,1.0
1079,4,1.0
1080,2,1.0
1081,2,1.0
1083,2,1.0
1084,4,1.0
1088,4,1.0
1089,1,1.0
1090,1,1.0
1091,1,1.0
1092,50,1.0
1093,3,1.0
1094,1,1.0
1095,20,1.0
1096,61,1.0
1097,173,1.0
1098,2,1.0
1100,2,1.0
1101,3,1.0
1103,2,1.0
1104,4,1.0
1105,809,1.0
1106,404,1.0
1107,2,1.0
1109,2,1.0
1110,1,1.0
1112,5,1.0
1113,1,1.0
1114,2,1.0
1115,3,1.0
1118,1,1.0
1119,1,1.0
1120,2,1.0
1121,9,1.0
1122,6,1.0
1123,1,1.0
1124,4,1.0
1125,2,1.0
1126,2,1.0
1127,4,1.0
1128,1,1.0
1130,2,1.0
1132,3,1.0
1133,4,1.0
1134,1,1.0
1136,2,1.0
1137,2,1.0
1138,1,1.0
1140,1,1.0
1142,2,1.0
1143,1,1.0
1144,1,1.0
1146,2,1.0
1148,1,1.0
1150,1,1.0
1151,2,1.0
1152,4,1.0
1155,2,1.0
1156,3,1.0
1158,2,1.0
1162,1,1.0
1163,2,1.0
1165,2,1.0
1168,2,1.0
1169,1,1.0
1170,1,1.0
1171,2,1.0
1174,2,1.0
1176,1,1.0
1177,1,1.0
1180,1,1.0
1182,1,1.0
1183,1,1.0
1184,1,1.0
1186,1,1.0
1188,2,1.0
1189,1,1.0
1191,1,1.0
1192,1,1.0
1193,2,1.0
1194,1,1.0
1198,2,1.0
1200,1,1.0
1207,2,1.0
1212,1,1.0
1213,3,1.0
1214,1,1.0
1215,1,1.0
1217,1,1.0
1218,1,1.0
1219,1,1.0
1220,2,1.0
1221,3,1.0
1222,1,1.0
1225,5,1.0
1226,1,1.0
1229,3,1.0
1230,2,1.0
1231,2,1.0
1234,25,1.0
1235,1,1.0
1238,1,1.0
1240,2,1.0
1241,1,1.0
1243,2,1.0
1250,2,1.0
1254,1,1.0
1255,1,1.0
1257,2,1.0
1259,1,1.0
1260,2,1.0
1262,2,1.0
1263,1,1.0
1268,2,1.0
1270,3,1.0
1271,2,1.0
1277,1,1.0
1278,1,1.0
1285,2,1.0
1286,2,1.0
1288,1,1.0
1289,1,1.0
1292,5,1.0
1296,1,1.0
1301,3,1.0
1303,1,1.0
1304,2,1.0
1305,2,1.0
1306,1,1.0
1307,1,1.0
1308,1,1.0
1310,2,1.0
1314,1,1.0
1318,1,1.0
1319,1,1.0
1320,1,1.0
1322,1,1.0
1323,1,1.0
1325,1,1.0
1327,2,1.0
1328,1,1.0
1330,1,1.0
1331,1,1.0
1332,1,1.0
1333,3,1.0
1337,1,1.0
1339,1,1.0
1340,2,1.0
1341,80,1.0
1344,1,1.0
1347,3,1.0
1350,2,1.0
1351,1,1.0
1352,2,1.0
1353,1,1.0
1354,1,1.0
1357,1,1.0
1358,1,1.0
1359,2,1.0
1360,3,1.0
1361,4,1.0
1362,2,1.0
1366,1,1.0
1368,1,1.0
1369,2,1.0
1371,2,1.0
1372,1,1.0
1374,2,1.0
1375,1,1.0
1380,1,1.0
1381,1,1.0
1382,2,1.0
1383,1,1.0
1386,1,1.0
1388,3,1.0
1392,2,1.0
1393,2,1.0
1399,1,1.0
1400,2,1.0
1401,1,1.0
1403,1,1.0
1408,1,1.0
1411,2,1.0
1415,22,1.0
1416,11,1.0
1417,2,1.0
1418,1,1.0
1420,2,1.0
1421,1,1.0
1427,2,1.0
1428,1,1.0
1429,17,1.0
1430,4,1.0
1432,2,1.0
1434,3,1.0
1435,4,1.0
1437,1,1.0
1441,1,1.0
1442,3,1.0
1443,5,1.0
1444,17,1.0
1445,1,1.0
1448,2,1.0
1450,2,1.0
1453,1,1.0
1456,1,1.0
1457,9,1.0
1458,5,1.0
1459,1,1.0
1460,4,1.0
1461,1,1.0
1462,1,1.0
1463,1,1.0
1467,1,1.0
1471,4,1.0
1472,12,1.0
1474,1,1.0
1475,1,1.0
1479,22,1.0
1480,3,1.0
1482,1,1.0
1483,1,1.0
1484,1,1.0
1486,1,1.0
1490,1,1.0
1491,2,1.0
1492,1,1.0
1493,13,1.0
1500,4,1.0
1506,5,1.0
1507,5,1.0
1509,2,1.0
1511,2,1.0
1514,6,1.0
1515,17,1.0
1521,3,1.0
1522,1,1.0
1524,3,1.0
1525,2,1.0
1526,2,1.0
1527,1,1.0
1528,8,1.0
1529,2,1.0
1531,2,1.0
1534,4,1.0
1535,7,1.0
1540,1,1.0
1541,8,1.0
1542,2,1.0
1543,2,1.0
1547,3,1.0
1548,2,1.0
1550,2,1.0
1551,3,1.0
1553,1,1.0
1554,7,1.0
1555,2,1.0
1556,16,1.0
1557,6,1.0
1569,4,1.0
1570,5,1.0
1571,12,1.0
1573,2,1.0
1574,2,1.0
1575,1,1.0
1576,4,1.0
1577,1,1.0
1580,4,1.0
1581,1,1.0
1584,20,1.0
1585,1,1.0
1586,1,1.0
1588,2,1.0
1589,3,1.0
1590,1,1.0
1593,3,1.0
1594,3,1.0
1595,1,1.0
1597,4,1.0
1598,2,1.0
1603,2,1.0
1604,1,1.0
1606,1,1.0
1608,2,1.0
1610,1,1.0
1611,15,1.0
1612,6,1.0
1614,3,1.0
1617,1,1.0
1621,1,1.0
1624,3,1.0
1625,2,1.0
1626,8,1.0
1631,5,1.0
1632,1,1.0
1639,2,1.0
1640,9,1.0
1642,2,1.0
1643,3,1.0
1644,2,1.0
1645,3,1.0
1651,1,1.0
1654,38,1.0
1655,2,1.0
1658,2,1.0
1659,7,1.0
1661,1,1.0
1668,12,1.0
1670,1,1.0
1672,2,1.0
1674,1,1.0
1675,2,1.0
1677,1,1.0
1682,12,1.0
1684,1,1.0
1686,3,1.0
1690,1,1.0
1691,1,1.0
1693,1,1.0
1695,12,1.0
1696,9,1.0
1698,1,1.0
1699,1,1.0
1701,1,1.0
1703,2,1.0
1705,1,1.0
1706,2,1.0
1709,4,1.0
1710,10,1.0
1711,3,1.0
1712,3,1.0
1721,34,1.0
1725,2,1.0
1728,1,1.0
1733,1,1.0
1737,2,1.0
1744,3,1.0
1746,2,1.0
1747,4,1.0
1748,5,1.0
1750,3,1.0
1751,1,1.0
1753,1,1.0
1754,1,1.0
1755,4,1.0
1756,6,1.0
1757,4,1.0
1758,1,1.0
1761,4,1.0
1762,3,1.0
1763,1,1.0
1764,6,1.0
1768,2,1.0
1769,3,1.0
1770,6,1.0
1771,1,1.0
1772,2,1.0
1774,1,1.0
1775,3,1.0
1776,3,1.0
1777,2,1.0
1779,2,1.0
1783,2,1.0
1784,3,1.0
1785,5,1.0
1786,2,1.0
1789,2,1.0
1790,3,1.0
1791,6,1.0
1792,2,1.0
1793,1,1.0
1794,1,1.0
1795,2,1.0
1796,9,1.0
1797,4,1.0
1798,2,1.0
1799,6,1.0
1800,4,1.0
1801,2,1.0
1802,3,1.0
1803,6,1.0
1804,4,1.0
1805,7,1.0
1806,4,1.0
1807,1,1.0
1810,3,1.0
1811,3,1.0
1812,2,1.0
1813,1,1.0
1814,2,1.0
1815,1,1.0
1816,2,1.0
1817,4,1.0
1818,4,1.0
1819,4,1.0
1820,4,1.0
1822,1,1.0
1823,1,1.0
1824,4,1.0
1825,15,1.0
1826,2,1.0
1827,1,1.0
1831,1,1.0
1832,6,1.0
1833,7,1.0
1834,5,1.0
1835,5,1.0
1837,1,1.0
1839,2,1.0
1840,6,1.0
1841,1,1.0
1842,2,1.0
1843,1,1.0
1844,3,1.0
1845,1,1.0
1846,4,1.0
1847,5,1.0
1848,4,1.0
1849,3,1.0
1851,1,1.0
1852,4,1.0
1853,1,1.0
1854,1,1.0
1855,4,1.0
1856,2,1.0
1858,1,1.0
1859,2,1.0
1860,2,1.0
1861,2,1.0
1862,2,1.0
1863,2,1.0
1864,1,1.0
1868,3,1.0
1869,2,1.0
1870,2,1.0
1873,5,1.0
1874,5,1.0
1875,6,1.0
1876,2,1.0
1877,1,1.0
1879,3,1.0
1880,3,1.0
1881,3,1.0
1882,1,1.0
1883,1,1.0
1884,3,1.0
1887,4,1.0
1888,3,1.0
1889,1,1.0
1890,5,1.0
1891,3,1.0
1893,1,1.0
1894,4,1.0
1895,5,1.0
1896,4,1.0
1897,2,1.0
1898,3,1.0
1900,2,1.0
1901,5,1.0
1902,2,1.0
1903,1,1.0
1904,1,1.0
1908,3,1.0
1909,1,1.0
1910,2,1.0
1911,4,1.0
1912,3,1.0
1913,1,1.0
1915,6,1.0
1916,3,1.0
1918,2,1.0
1919,2,1.0
1921,2,1.0
1922,1,1.0
1923,2,1.0
1924,3,1.0
1925,3,1.0
1926,2,1.0
1929,2,1.0
1931,1,1.0
1933,2,1.0
1937,2,1.0
1938,1,1.0
1939,2,1.0
1940,4,1.0
1943,2,1.0
1944,2,1.0
1945,2,1.0
1947,3,1.0
1948,1,1.0
1951,7,1.0
1952,3,1.0
1953,1,1.0
1954,1,1.0
1957,1,1.0
1958,3,1.0
1959,2,1.0
1960,4,1.0
1961,1,1.0
1962,5,1.0
1963,1,1.0
1965,4,1.0
1966,2,1.0
1968,1,1.0
1970,2,1.0
1971,3,1.0
1972,1,1.0
1973,2,1.0
1974,1,1.0
1975,4,1.0
1978,1,1.0
1979,3,1.0
1982,2,1.0
1985,1,1.0
1988,1,1.0
1989,1,1.0
1994,1,1.0
1996,1,1.0
2000,1,1.0
2001,2,1.0
2005,1,1.0
2006,1,1.0
2007,2,1.0
2008,4,1.0
2009,2,1.0
2010,1,1.0
2013,2,1.0
2014,2,1.0
2015,2,1.0
2016,1,1.0
2020,1,1.0
2021,1,1.0
2022,3,1.0
2023,5,1.0
2024,2,1.0
2027,2,1.0
2028,4,1.0
2029,4,1.0
2031,1,1.0
2034,2,1.0
2035,6,1.0
2036,1,1.0
2040,1,1.0
2041,1,1.0
2049,1,1.0
2050,1,1.0
2051,1,1.0
2055,3,1.0
2056,1,1.0
2057,3,1.0
2058,1,1.0
2061,2,1.0
2062,2,1.0
2063,1,1.0
2064,1,1.0
2069,3,1.0
2070,2,1.0
2071,3,1.0
2072,2,1.0
2077,1,1.0
2079,1,1.0
2080,2,1.0
2083,2,1.0
2084,3,1.0
2085,1,1.0
2092,2,1.0
2093,3,1.0
2094,2,1.0
2096,2,1.0
2097,2,1.0
2098,2,1.0
2100,1,1.0
2105,1,1.0
2106,1,1.0
2108,1,1.0
2109,1,1.0
2110,1,1.0
2114,2,1.0
2115,3,1.0
2116,1,1.0
2118,2,1.0
2119,2,1.0
2120,3,1.0
2121,1,1.0
2125,2,1.0
2126,2,1.0
2129,1,1.0
2132,3,1.0
2133,2,1.0
2134,1,1.0
2139,2,1.0
2141,5,1.0
2142,4,1.0
2143,1,1.0
2148,1,1.0
2149,3,1.0
2150,2,1.0
2156,3,1.0
2157,1,1.0
2160,1,1.0
2161,2,1.0
2162,1,1.0
2163,3,1.0
2164,5,1.0
2165,1,1.0
2167,2,1.0
2168,1,1.0
2169,2,1.0
2170,1,1.0
2173,4,1.0
2174,2,1.0
2175,1,1.0
2176,1,1.0
2177,1,1.0
2183,1,1.0
2184,2,1.0
2185,1,1.0
2188,2,1.0
2191,1,1.0
2194,1,1.0
2196,2,1.0
2197,4,1.0
2199,4,1.0
2200,2,1.0
2203,2,1.0
2205,1,1.0
2206,1,1.0
2211,1,1.0
2212,2,1.0
2216,3,1.0
2217,1,1.0
2219,2,1.0
2220,1,1.0
2223,5,1.0
2224,2,1.0
2225,2,1.0
2226,1,1.0
2229,2,1.0
2230,1,1.0
2231,2,1.0
2232,2,1.0
2233,1,1.0
2234,1,1.0
2237,1,1.0
2238,3,1.0
2241,1,1.0
2244,1,1.0
2245,1,1.0
2246,1,1.0
2248,3,1.0
2249,1,1.0
2251,3,1.0
2252,2,1.0
2253,3,1.0
2255,1,1.0
2258,2,1.0
2259,4,1.0
2260,2,1.0
2261,1,1.0
2266,4,1.0
2267,1,1.0
2268,1,1.0
2270,2,1.0
2271,1,1.0
2276,2,1.0
2277,1,1.0
2281,3,1.0
2282,1,1.0
2287,31,1.0
2288,2,1.0
2289,1,1.0
2295,1,1.0
2296,1,1.0
2297,1,1.0
2300,2,1.0
2301,1,1.0
2302,1,1.0
2303,2,1.0
2307,2,1.0
2314,1,1.0
2324,1,1.0
2329,1,1.0
2332,2,1.0
2335,2,1.0
2336,1,1.0
2338,1,1.0
2339,3,1.0
2342,1,1.0
2343,1,1.0
2344,2,1.0
2345,2,1.0
2349,1,1.0
2350,1,1.0
2356,1,1.0
2357,1,1.0
2359,1,1.0
2364,2,1.0
2374,1,1.0
2386,1,1.0
2388,1,1.0
2392,1,1.0
2393,1,1.0
2394,1,1.0
2395,1,1.0
2399,1,1.0
2405,1,1.0
2414,1,1.0
2429,1,1.0
2433,1,1.0
2437,1,1.0
2441,1,1.0
2442,2,1.0
2444,1,1.0
2449,1,1.0
2450,1,1.0
2451,1,1.0
2464,1,1.0
2466,1,1.0
2479,1,1.0
2483,1,1.0
2492,1,1.0
2496,1,1.0
2503,1,1.0
2512,1,1.0
2514,1,1.0
2526,2,1.0
2531,2,1.0
2533,1,1.0
2540,1,1.0
2545,1,1.0
2551,1,1.0
2552,1,1.0
2553,1,1.0
2555,1,1.0
2559,1,1.0
2561,27,1.0
2577,1,1.0
2601,1,1.0
2617,1,1.0
2799,1,1.0
2867,1,1.0
2896,1,1.0
2905,1,1.0
2908,1,1.0
2911,1,1.0
2912,15,1.0
2919,1,1.0
2927,1,1.0
2930,1,1.0
2942,2,1.0
2950,1,1.0
2952,1,1.0
3027,1,1.0
3273,1,1.0
3277,3,1.0
3281,1,1.0
3300,1,1.0
3596,1,1.0
3967,1,1.0
4429,1,1.0
6106,1,1.0
7689,1,1.0
7698,1,1.0
7880,1,1.0
9999,9370,1.0
10000,136,1.0
10001,12,1.0
10002,22,1.0
10003,12,1.0
10004,6,1.0
10005,4,1.0
10006,8,1.0
10007,16,1.0
10008,6,1.0
10009,16,1.0
10010,12,1.0
10011,14,1.0
10012,6,1.0
10013,2,1.0
10014,6,1.0
10015,13,1.0
10016,10,1.0
10017,4,1.0
10018,16,1.0
10021,14,1.0
10022,12,1.0
10023,6,1.0
10024,14,1.0
10025,10,1.0
10028,14,1.0
10029,6,1.0
10030,5,1.0
10031,4,1.0
10032,8,1.0
10033,2,1.0
10034,4,1.0
10035,4,1.0
10036,6,1.0
10037,4,1.0
10038,8,1.0
10039,6,1.0
10040,2,1.0
10042,4,1.0
10043,4,1.0
10044,3,1.0
10045,2,1.0
10046,4,1.0
10049,6,1.0
10050,8,1.0
10051,6,1.0
10052,12,1.0
10053,2,1.0
10058,2,1.0
10059,4,1.0
10063,2,1.0
10064,4,1.0
10065,4,1.0
10066,4,1.0
10067,4,1.0
10070,4,1.0
10072,2,1.0
10073,2,1.0
10074,2,1.0
10077,2,1.0
10078,2,1.0
10079,4,1.0
10080,4,1.0
10081,4,1.0
10084,4,1.0
10085,1,1.0
10088,2,1.0
10092,1,1.0
10093,6,1.0
10094,4,1.0
10101,1,1.0
10102,6,1.0
10107,2,1.0
10108,4,1.0
10109,2,1.0
10112,4,1.0
10115,2,1.0
10116,2,1.0
10118,2,1.0
10119,2,1.0
10120,10,1.0
10121,4,1.0
10128,4,1.0
10130,6,1.0
10140,2,1.0
10141,2,1.0
10143,2,1.0
10144,2,1.0
10149,2,1.0
10150,2,1.0
10151,2,1.0
10157,4,1.0
10158,2,1.0
10162,6,1.0
10163,2,1.0
10164,2,1.0
10165,6,1.0
10169,6,1.0
10171,2,1.0
10172,4,1.0
10175,4,1.0
10177,2,1.0
10178,2,1.0
10179,2,1.0
10183,4,1.0
10191,2,1.0
10193,4,1.0
10196,2,1.0
10198,4,1.0
10199,2,1.0
10204,2,1.0
10205,2,1.0
10207,6,1.0
10210,2,1.0
10217,2,1.0
10219,2,1.0
10221,4,1.0
10226,2,1.0
10227,2,1.0
10228,2,1.0
10231,4,1.0
10235,2,2.0
10241,2,2.0
10248,2,2.0
10253,2,2.0
10255,2,2.0
10256,2,2.0
10262,2,2.0
10267,2,2.0
10269,6,2.0
10270,2,2.0
10273,2,2.0
10275,2,2.0
10280,2,2.0
10283,2,2.0
10284,6,2.0
10288,2,2.0
10289,2,2.0
10291,4,2.0
10294,2,2.0
10297,2,2.0
10298,2,2.0
10302,2,2.0
10303,2,2.0
10304,2,2.0
10305,4,2.0
10309,2,2.0
10311,2,2.0
10316,2,2.0
10318,2,2.0
10319,2,2.0
10338,2,2.0
10353,2,2.0
10359,2,2.0
10364,4,2.0
10387,2,2.0
10395,2,2.0
10401,2,2.0
10408,2,2.0
10417,2,2.0
10422,2,2.0
10431,2,2.0
10442,2,2.0
10451,2,2.0
10485,2,2.0
10493,2,2.0
10518,2,2.0
10549,2,2.0
10578,2,2.0
10590,2,2.0
10623,2,2.0
10624,2,2.0
10675,2,2.0
10680,2,2.0
10686,2,2.0
10690,2,2.0
10703,2,2.0
10732,2,2.0
10785,2,2.0
10805,4,2.0
10847,2,2.0
10865,2,2.0
10884,2,2.0
10889,2,2.0
10926,2,2.0
10935,2,2.0
10938,2,2.0
10961,2,2.0
10962,2,2.0
10975,156,2.0
10985,2,2.0
10992,2,2.0
10994,4,2.0
11026,2,2.0
11285,2,2.0
11529,2,2.0
11581,2,2.0
11585,2,2.0
11596,2,2.0
11639,2,2.0
11641,2,2.0
11657,2,2.0
11739,2,2.0
11744,2,2.0
11798,2,2.0
11948,2,2.0
12067,2,2.0
28124,1,2.0
28164,3,2.0
28171,1,2.0
28196,2,2.0
28210,4,2.0
28213,2,2.0
28313,1,2.0
28385,1,2.0
28448,1,2.0
28528,4,2.0
28553,1,2.0
28784,1,2.0
28812,1,2.0
28876,1,2.0
40829,1,2.0
40866,1,2.0
40867,2,2.0
40868,2,2.0
40871,1,2.0
40873,1,2.0
40875,97,2.0
41171,1,2.0
41179,1,2.0
41185,1,2.0
41186,1,2.0
41187,1,2.0
41192,3,2.0
41200,2,2.0
41207,1,2.0
41212,5,2.0
41214,1,2.0
41215,1,2.0
41218,1,2.0
41220,1,2.0
41226,1,2.0
41227,2,2.0
41229,1,2.0
41231,3,2.0
41232,6,2.0
41233,2,2.0
41234,1,2.0
41235,5,2.0
41236,4,2.0
41240,310,1.0
730913,19,1.0
730955,173,1.0
34,5889,
-57806,1,
-57440,1,
-56345,1,
-55979,1,
-55614,1,
-55249,1,
-54518,1,
-54153,1,
-53788,1,
-53423,1,
-51596,1,
-51231,1,
-50866,1,
-50501,1,
-49770,1,
-49405,1,
-49040,1,
-48674,1,
-48309,1,
-47944,1,
-47213,1,
-46848,1,
-46483,1,
-46118,1,
-45752,1,
-45022,1,
-44657,1,
-44291,1,
-43926,1,
-43196,1,
-42830,1,
-42465,1,
-42100,1,
-41735,1,
-41369,1,
-41004,1,
-40639,1,
-39543,1,
-37717,1,
-37352,1,
-36621,1,
-36256,1,
-35891,1,
-35525,1,
-35160,1,
-34795,1,
-32603,1,
-32238,1,
-30777,1,
-27491,1,
-20551,1,
-19821,1,
-18225,1,
-14707,1,
-6306,1,
-1193,1,
-1096,9,
-731,9,
-423,1,
-366,5,
-346,19,
-345,3,
-344,11,
-343,1,
-338,5,
-336,1,
-331,1,
-325,3,
-313,1,
-297,3,
-296,1,
-295,2,
-294,1,
-287,1,
-283,1,
-281,2,
-278,1,
-276,3,
-275,1,
-272,1,
-269,5,
-268,1,
-264,2,
-263,1,
-262,1,
-261,2,
-258,2,
-251,1,
-250,4,
-245,1,
-243,1,
-241,1,
-239,4,
-238,1,
-235,1,
-230,2,
-229,1,
-221,1,
-220,2,
-218,1,
-216,1,
-214,1,
-211,1,
-203,1,
-199,1,
-196,4,
-194,2,
-191,1,
-190,1,
-189,1,
-187,1,
-185,1,
-172,2,
-141,2,
-139,1,
-133,1,
-130,1,
-109,1,
-104,1,
-79,1,
-73,1,
-71,2,
-55,1,
-35,1,
-34,1,
-33,3,
-31,1,
-28,1,
-26,3,
-25,1,
-23,3,
-22,8,
-21,4,
-20,5,
-19,10,
-18,7,
-17,17,
-16,6,
-15,5,
-14,5,
-13,4,
-12,9,
-11,8,
-10,9,
-9,1,
-8,6,
-7,7,
-6,5,
-5,12,
-4,6,
-3,8,
-2,6,
-1,6,
0,73,
1,144,
2,324,
3,469,
4,608,
5,639,
6,507,
7,1376,
8,309,
9,1286,
10,576,
11,696,
12,531,
13,466,
14,1061,
15,1011,
16,3750,
17,845,
18,1384,
19,2803,
20,1918,
21,575,
22,822,
23,1435,
24,1132,
25,2360,
26,2728,
27,924,
28,1053,
29,2380,
30,23727,
31,3422,
32,5954,
33,834,
34,641,
35,1202,
36,516,
37,1642,
38,1378,
39,1902,
40,2836,
41,492,
42,1754,
43,715,
44,1876,
45,1688,
46,2984,
47,1596,
48,424,
49,740,
50,1552,
51,1939,
52,2165,
53,2859,
54,1248,
55,546,
56,883,
57,1883,
58,2552,
59,1514,
60,4803,
61,1764,
62,545,
63,747,
64,581,
65,1911,
66,5766,
67,1297,
68,655,
69,1330,
70,723,
71,814,
72,1004,
73,18573,
74,4813,
75,5213,
76,747,
77,1807,
78,3791,
79,1334,
80,933,
81,806,
82,1119,
83,316,
84,578,
85,11625,
86,4236,
87,1048,
88,4342,
89,11466,
90,9395,
91,9417,
92,10754,
93,3838,
94,817,
95,871,
96,2302,
97,1811,
98,418,
99,1245,
100,13454,
101,2143,
102,2772,
103,1474,
104,6259,
105,3723,
106,999,
107,1440,
108,2779,
109,1588,
110,1276,
111,1352,
112,2666,
113,4152,
114,1109,
115,1117,
116,3419,
117,1075,
118,869,
119,1688,
120,1864,
121,1971,
122,1774,
123,6849,
124,1008,
125,941,
126,734,
127,477,
128,2679,
129,1319,
130,1305,
131,4303,
132,1071,
133,1913,
134,887,
135,3221,
136,3095,
137,1510,
138,1248,
139,659,
140,1438,
141,832,
142,4363,
143,874,
144,1847,
145,2641,
146,753,
147,871,
148,974,
149,11352,
150,2444,
151,2168,
152,5486,
153,5691,
154,351,
155,1068,
156,2647,
157,929,
158,5783,
159,2981,
160,435,
161,1287,
162,661,
163,1215,
164,869,
165,574,
166,2875,
167,1188,
168,444,
169,834,
170,506,
171,4872,
172,870,
173,2667,
174,1741,
175,3724,
176,2376,
177,1652,
178,1132,
179,2707,
180,5712,
181,1016,
182,492,
183,5602,
184,18567,
185,1753,
186,1088,
187,431,
188,478,
189,1432,
190,10711,
191,1875,
192,1110,
193,711,
194,2607,
195,553,
196,617,
197,391,
198,2049,
199,2097,
200,1719,
201,1548,
202,797,
203,404,
204,519,
205,772,
206,1208,
207,4045,
208,12364,
209,1792,
210,1193,
211,4077,
212,922,
213,3858,
214,12361,
215,718,
216,908,
217,605,
218,295,
219,818,
220,4541,
221,877,
222,490,
223,1758,
224,385,
225,587,
226,1473,
227,799,
228,729,
229,635,
230,3811,
231,298,
232,346,
233,726,
234,806,
235,2530,
236,1656,
237,1637,
238,404,
239,777,
240,1069,
241,3154,
242,702,
243,1065,
244,812,
245,1624,
246,813,
247,416,
248,866,
249,4183,
250,563,
251,1264,
252,133,
253,238,
254,491,
255,842,
256,866,
257,562,
258,1090,
259,123,
260,584,
261,355,
262,1507,
263,387,
264,3996,
265,1320,
266,145,
267,201,
268,1128,
269,4434,
270,958,
271,358,
272,1709,
273,190,
274,4401,
275,1280,
276,1348,
277,376,
278,344,
279,2257,
280,1046,
281,887,
282,2607,
283,2616,
284,2889,
285,768,
286,1265,
287,286,
288,203,
289,407,
290,352,
291,689,
292,375,
293,811,
294,987,
295,298,
296,614,
297,1794,
298,1915,
299,1530,
300,1604,
301,225,
302,248,
303,1749,
304,1046,
305,3496,
306,2633,
307,551,
308,118,
309,137,
310,429,
311,1797,
312,2360,
313,578,
314,1259,
315,199,
316,457,
317,380,
318,895,
319,2264,
320,3199,
321,1459,
322,2190,
323,262,
324,5325,
325,6727,
326,4778,
327,1029,
328,2267,
329,421,
330,13294,
331,312,
332,468,
333,6995,
334,524,
335,2590,
336,861,
337,754,
338,320,
339,15819,
340,688,
341,725,
342,376,
343,723,
344,112,
345,4125,
346,544,
347,364,
348,31922,
349,14272,
350,245,
351,87,
352,301,
353,2969,
354,45253,
355,2395,
356,4092,
357,1107,
358,115,
359,478,
360,1129,
361,1587,
362,7938,
363,5506,
364,11510,
365,42588,
366,23017,
367,284,
368,71,
369,54,
370,346,
371,1308,
372,64,
373,83,
374,92,
375,115,
376,67,
377,70,
378,52,
379,146,
380,901,
381,104,
382,44,
383,139,
384,104,
385,441,
386,91,
387,421,
388,182,
389,40,
390,65,
391,76,
392,61,
393,220,
394,208,
395,169,
396,990,
397,64,
398,116,
399,96,
400,44,
401,44,
402,47,
403,43,
404,4322,
405,72,
406,51,
407,57,
408,47,
409,50,
410,55,
411,45,
412,32,
413,273,
414,112,
415,83,
416,47,
417,76,
418,46,
419,47,
420,54,
421,57,
422,46,
423,528,
424,53,
425,256,
426,59,
427,60,
428,62,
429,89,
430,69,
431,90,
432,63,
433,164,
434,46,
435,64,
436,50,
437,98,
438,343,
439,149,
440,50,
441,53,
442,61,
443,233,
444,65,
445,25,
446,44,
447,36,
448,41,
449,39,
450,105,
451,38,
452,34,
453,37,
454,84,
455,36,
456,413,
457,83,
458,56,
459,33,
460,43,
461,28,
462,377,
463,48,
464,32,
465,67,
466,41,
467,173,
468,105,
469,53,
470,198,
471,56,
472,111,
473,26,
474,18,
475,47,
476,45,
477,128,
478,37,
479,53,
480,43,
481,38,
482,42,
483,28,
484,54,
485,1352,
486,84,
487,29,
488,752,
489,84,
490,18,
491,29,
492,27,
493,291,
494,926,
495,33,
496,39,
497,37,
498,24,
499,173,
500,51,
501,60,
502,23,
503,27,
504,23,
505,26,
506,49,
507,35,
508,18,
509,27,
510,38,
511,30,
512,42,
513,34,
514,72,
515,31,
516,67,
517,99,
518,34,
519,138,
520,42,
521,245,
522,19,
523,28,
524,41,
525,22,
526,28,
527,43,
528,36,
529,31,
530,29,
531,80,
532,30,
533,26,
534,46,
535,47,
536,27,
537,30,
538,47,
539,37,
540,40,
541,40,
542,31,
543,37,
544,25,
545,27,
546,51,
547,29,
548,148,
549,32,
550,29,
551,23,
552,32,
553,30,
554,26,
555,35,
556,49,
557,21,
558,29,
559,34,
560,23,
561,21,
562,14,
563,30,
564,14,
565,10,
566,30,
567,24,
568,30,
569,19,
570,25,
571,30,
572,25,
573,33,
574,31,
575,40,
576,51,
577,43,
578,35,
579,45,
580,61,
581,38,
582,42,
583,15,
584,38,
585,17,
586,15,
587,22,
588,20,
589,18,
590,26,
591,28,
592,11,
593,24,
594,25,
595,25,
596,36,
597,18,
598,37,
599,270,
600,19,
601,39,
602,23,
603,26,
604,36,
605,84,
606,31,
607,106,
608,27,
609,49,
610,39,
611,23,
612,34,
613,26,
614,22,
615,33,
616,31,
617,29,
618,23,
619,36,
620,30,
621,49,
622,93,
623,28,
624,22,
625,150,
626,30,
627,47,
628,26,
629,37,
630,27,
631,30,
632,21,
633,41,
634,23,
635,22,
636,24,
637,245,
638,53,
639,85,
640,120,
641,33,
642,41,
643,94,
644,36,
645,38,
646,33,
647,34,
648,11,
649,18,
650,27,
651,30,
652,24,
653,17,
654,87,
655,33,
656,19,
657,22,
658,29,
659,36,
660,18,
661,76,
662,20,
663,18,
664,35,
665,30,
666,35,
667,20,
668,46,
669,32,
670,24,
671,31,
672,35,
673,26,
674,13,
675,24,
676,17,
677,22,
678,87,
679,16,
680,26,
681,30,
682,36,
683,20,
684,21,
685,21,
686,30,
687,58,
688,56,
689,41,
690,10,
691,24,
692,3730,
693,18,
694,25,
695,703,
696,39,
697,27,
698,31,
699,41,
700,220,
701,43,
702,58,
703,27,
704,10,
705,14,
706,23,
707,16,
708,28,
709,16,
710,27,
711,14,
712,38,
713,15,
714,26,
715,20,
716,27,
717,27,
718,9,
719,11,
720,24,
721,19,
722,28,
723,37,
724,44,
725,15,
726,32,
727,32,
728,94,
729,195,
730,38,
731,2643,
732,4,
733,15,
734,17,
735,16,
736,20,
737,14,
738,10,
739,13,
740,12,
741,9,
742,28,
743,26,
744,25,
745,52,
746,86,
747,526,
748,18,
749,11,
750,62,
751,16,
752,19,
753,5,
754,7,
755,9,
756,16,
757,21,
758,24,
759,37,
760,7,
761,10,
762,18,
763,23,
764,12,
765,15,
766,14,
767,5,
768,4,
769,15,
770,8,
771,22,
772,19,
773,17,
774,6,
775,72,
776,15,
777,10,
778,199,
779,20,
780,17,
781,5,
782,5,
783,20,
784,14,
785,16,
786,21,
787,18,
788,7,
789,24,
790,10,
791,12,
792,14,
793,13,
794,20,
795,4,
796,4,
797,11,
798,6,
799,4,
800,16,
801,15,
802,4,
803,7,
804,14,
805,44,
806,16,
807,8,
808,22,
809,3,
810,6,
811,23,
812,20,
813,22,
814,20,
815,21,
816,4,
817,6,
818,116,
819,23,
820,1018,
821,27,
822,24,
823,5,
824,7,
825,15,
826,7,
827,8,
828,19,
829,20,
830,18,
831,87,
832,82,
833,96,
834,160,
835,408,
836,3066,
837,2,
838,6,
839,7,
840,2,
841,2,
842,1,
843,3,
844,5,
845,2,
846,3,
847,3,
848,1,
850,7,
851,6,
853,2,
854,2,
855,1,
856,10,
857,1,
858,2,
859,4,
860,1,
861,3,
862,12,
863,5,
864,2,
865,5,
866,1,
867,1,
868,4,
869,7,
870,3,
871,3,
872,2,
873,3,
875,4,
876,3,
877,3,
878,2,
879,3,
880,1,
881,3,
882,2,
883,3,
884,2,
885,4,
886,3,
887,8,
888,5,
889,3,
890,1,
891,1,
893,3,
894,2,
895,3,
896,1,
897,3,
898,2,
899,1,
900,1,
901,1,
902,6,
903,2,
904,2,
905,2,
908,2,
909,2,
910,5,
912,2,
913,1,
914,4,
915,4,
916,6,
917,1,
918,6,
919,2,
920,1,
921,1,
922,2,
923,3,
924,3,
925,5,
927,2,
928,5,
929,1,
931,3,
932,2,
933,3,
934,5,
935,3,
936,1,
937,1,
938,1,
939,4,
940,1,
942,2,
943,2,
944,2,
945,7,
946,2,
947,1,
948,2,
949,3,
950,1,
951,4,
952,2,
953,2,
954,2,
955,2,
956,2,
957,3,
958,10,
959,2,
960,1,
961,2,
962,4,
963,58,
964,2,
965,3,
966,4,
967,3,
968,3,
969,2,
970,2,
971,1,
972,6,
973,1,
975,5,
976,3,
977,4,
978,1,
982,2,
983,2,
984,1,
985,3,
986,2,
987,2,
988,3,
989,2,
990,1,
991,2,
992,24,
993,6,
994,4,
995,1,
996,1,
997,4,
998,1,
999,4,
1000,2,
1001,4,
1002,2,
1003,1,
1004,2,
1005,1,
1006,4,
1007,6,
1008,3,
1009,4,
1010,1,
1011,1,
1012,2,
1013,1,
1014,2,
1015,1,
1016,1,
1017,2,
1018,1,
1020,3,
1023,3,
1024,3,
1026,3,
1027,1,
1028,3,
1029,3,
1030,2,
1033,1,
1035,3,
1036,1,
1037,5,
1038,1,
1039,2,
1041,2,
1042,1,
1044,1,
1045,1,
1046,3,
1049,3,
1050,1,
1051,2,
1052,3,
1053,2,
1054,3,
1056,3,
1057,4,
1058,2,
1059,1,
1062,2,
1064,1,
1065,2,
1066,1,
1067,3,
1068,2,
1069,2,
1070,2,
1071,5,
1072,2,
1073,1,
1074,35,
1075,1,
1077,1,
1078,3,
1079,4,
1080,2,
1081,2,
1083,2,
1084,4,
1088,4,
1089,1,
1090,1,
1091,1,
1092,50,
1093,3,
1094,1,
1095,20,
1096,61,
1097,173,
1098,2,
1100,2,
1101,3,
1103,2,
1104,4,
1105,809,
1106,404,
1107,2,
1109,2,
1110,1,
1112,5,
1113,1,
1114,2,
1115,3,
1118,1,
1119,1,
1120,2,
1121,9,
1122,6,
1123,1,
1124,4,
1125,2,
1126,2,
1127,4,
1128,1,
1130,2,
1132,3,
1133,4,
1134,1,
1136,2,
1137,2,
1138,1,
1140,1,
1142,2,
1143,1,
1144,1,
1146,2,
1148,1,
1150,1,
1151,2,
1152,4,
1155,2,
1156,3,
1158,2,
1162,1,
1163,2,
1165,2,
1168,2,
1169,1,
1170,1,
1171,2,
1174,2,
1176,1,
1177,1,
1180,1,
1182,1,
1183,1,
1184,1,
1186,1,
1188,2,
1189,1,
1191,1,
1192,1,
1193,2,
1194,1,
1198,2,
1200,1,
1207,2,
1212,1,
1213,3,
1214,1,
1215,1,
1217,1,
1218,1,
1219,1,
1220,2,
1221,3,
1222,1,
1225,5,
1226,1,
1229,3,
1230,2,
1231,2,
1234,25,
1235,1,
1238,1,
1240,2,
1241,1,
1243,2,
1250,2,
1254,1,
1255,1,
1257,2,
1259,1,
1260,2,
1262,2,
1263,1,
1268,2,
1270,3,
1271,2,
1277,1,
1278,1,
1285,2,
1286,2,
1288,1,
1289,1,
1292,5,
1296,1,
1301,3,
1303,1,
1304,2,
1305,2,
1306,1,
1307,1,
1308,1,
1310,2,
1314,1,
1318,1,
1319,1,
1320,1,
1322,1,
1323,1,
1325,1,
1327,2,
1328,1,
1330,1,
1331,1,
1332,1,
1333,3,
1337,1,
1339,1,
1340,2,
1341,80,
1344,1,
1347,3,
1350,2,
1351,1,
1352,2,
1353,1,
1354,1,
1357,1,
1358,1,
1359,2,
1360,3,
1361,4,
1362,2,
1366,1,
1368,1,
1369,2,
1371,2,
1372,1,
1374,2,
1375,1,
1380,1,
1381,1,
1382,2,
1383,1,
1386,1,
1388,3,
1392,2,
1393,2,
1399,1,
1400,2,
1401,1,
1403,1,
1408,1,
1411,2,
1415,22,
1416,11,
1417,2,
1418,1,
1420,2,
1421,1,
1427,2,
1428,1,
1429,17,
1430,4,
1432,2,
1434,3,
1435,4,
1437,1,
1441,1,
1442,3,
1443,5,
1444,17,
1445,1,
1448,2,
1450,2,
1453,1,
1456,1,
1457,9,
1458,5,
1459,1,
1460,4,
1461,1,
1462,1,
1463,1,
1467,1,
1471,4,
1472,12,
1474,1,
1475,1,
1479,22,
1480,3,
1482,1,
1483,1,
1484,1,
1486,1,
1490,1,
1491,2,
1492,1,
1493,13,
1500,4,
1506,5,
1507,5,
1509,2,
1511,2,
1514,6,
1515,17,
1521,3,
1522,1,
1524,3,
1525,2,
1526,2,
1527,1,
1528,8,
1529,2,
1531,2,
1534,4,
1535,7,
1540,1,
1541,8,
1542,2,
1543,2,
1547,3,
1548,2,
1550,2,
1551,3,
1553,1,
1554,7,
1555,2,
1556,16,
1557,6,
1569,4,
1570,5,
1571,12,
1573,2,
1574,2,
1575,1,
1576,4,
1577,1,
1580,4,
1581,1,
1584,20,
1585,1,
1586,1,
1588,2,
1589,3,
1590,1,
1593,3,
1594,3,
1595,1,
1597,4,
1598,2,
1603,2,
1604,1,
1606,1,
1608,2,
1610,1,
1611,15,
1612,6,
1614,3,
1617,1,
1621,1,
1624,3,
1625,2,
1626,8,
1631,5,
1632,1,
1639,2,
1640,9,
1642,2,
1643,3,
1644,2,
1645,3,
1651,1,
1654,38,
1655,2,
1658,2,
1659,7,
1661,1,
1668,12,
1670,1,
1672,2,
1674,1,
1675,2,
1677,1,
1682,12,
1684,1,
1686,3,
1690,1,
1691,1,
1693,1,
1695,12,
1696,9,
1698,1,
1699,1,
1701,1,
1703,2,
1705,1,
1706,2,
1709,4,
1710,10,
1711,3,
1712,3,
1721,34,
1725,2,
1728,1,
1733,1,
1737,2,
1744,3,
1746,2,
1747,4,
1748,5,
1750,3,
1751,1,
1753,1,
1754,1,
1755,4,
1756,6,
1757,4,
1758,1,
1761,4,
1762,3,
1763,1,
1764,6,
1768,2,
1769,3,
1770,6,
1771,1,
1772,2,
1774,1,
1775,3,
1776,3,
1777,2,
1779,2,
1783,2,
1784,3,
1785,5,
1786,2,
1789,2,
1790,3,
1791,6,
1792,2,
1793,1,
1794,1,
1795,2,
1796,9,
1797,4,
1798,2,
1799,6,
1800,4,
1801,2,
1802,3,
1803,6,
1804,4,
1805,7,
1806,4,
1807,1,
1810,3,
1811,3,
1812,2,
1813,1,
1814,2,
1815,1,
1816,2,
1817,4,
1818,4,
1819,4,
1820,4,
1822,1,
1823,1,
1824,4,
1825,15,
1826,2,
1827,1,
1831,1,
1832,6,
1833,7,
1834,5,
1835,5,
1837,1,
1839,2,
1840,6,
1841,1,
1842,2,
1843,1,
1844,3,
1845,1,
1846,4,
1847,5,
1848,4,
1849,3,
1851,1,
1852,4,
1853,1,
1854,1,
1855,4,
1856,2,
1858,1,
1859,2,
1860,2,
1861,2,
1862,2,
1863,2,
1864,1,
1868,3,
1869,2,
1870,2,
1873,5,
1874,5,
1875,6,
1876,2,
1877,1,
1879,3,
1880,3,
1881,3,
1882,1,
1883,1,
1884,3,
1887,4,
1888,3,
1889,1,
1890,5,
1891,3,
1893,1,
1894,4,
1895,5,
1896,4,
1897,2,
1898,3,
1900,2,
1901,5,
1902,2,
1903,1,
1904,1,
1908,3,
1909,1,
1910,2,
1911,4,
1912,3,
1913,1,
1915,6,
1916,3,
1918,2,
1919,2,
1921,2,
1922,1,
1923,2,
1924,3,
1925,3,
1926,2,
1929,2,
1931,1,
1933,2,
1937,2,
1938,1,
1939,2,
1940,4,
1943,2,
1944,2,
1945,2,
1947,3,
1948,1,
1951,7,
1952,3,
1953,1,
1954,1,
1957,1,
1958,3,
1959,2,
1960,4,
1961,1,
1962,5,
1963,1,
1965,4,
1966,2,
1968,1,
1970,2,
1971,3,
1972,1,
1973,2,
1974,1,
1975,4,
1978,1,
1979,3,
1982,2,
1985,1,
1988,1,
1989,1,
1994,1,
1996,1,
2000,1,
2001,2,
2005,1,
2006,1,
2007,2,
2008,4,
2009,2,
2010,1,
2013,2,
2014,2,
2015,2,
2016,1,
2020,1,
2021,1,
2022,3,
2023,5,
2024,2,
2027,2,
2028,4,
2029,4,
2031,1,
2034,2,
2035,6,
2036,1,
2040,1,
2041,1,
2049,1,
2050,1,
2051,1,
2055,3,
2056,1,
2057,3,
2058,1,
2061,2,
2062,2,
2063,1,
2064,1,
2069,3,
2070,2,
2071,3,
2072,2,
2077,1,
2079,1,
2080,2,
2083,2,
2084,3,
2085,1,
2092,2,
2093,3,
2094,2,
2096,2,
2097,2,
2098,2,
2100,1,
2105,1,
2106,1,
2108,1,
2109,1,
2110,1,
2114,2,
2115,3,
2116,1,
2118,2,
2119,2,
2120,3,
2121,1,
2125,2,
2126,2,
2129,1,
2132,3,
2133,2,
2134,1,
2139,2,
2141,5,
2142,4,
2143,1,
2148,1,
2149,3,
2150,2,
2156,3,
2157,1,
2160,1,
2161,2,
2162,1,
2163,3,
2164,5,
2165,1,
2167,2,
2168,1,
2169,2,
2170,1,
2173,4,
2174,2,
2175,1,
2176,1,
2177,1,
2183,1,
2184,2,
2185,1,
2188,2,
2191,1,
2194,1,
2196,2,
2197,4,
2199,4,
2200,2,
2203,2,
2205,1,
2206,1,
2211,1,
2212,2,
2216,3,
2217,1,
2219,2,
2220,1,
2223,5,
2224,2,
2225,2,
2226,1,
2229,2,
2230,1,
2231,2,
2232,2,
2233,1,
2234,1,
2237,1,
2238,3,
2241,1,
2244,1,
2245,1,
2246,1,
2248,3,
2249,1,
2251,3,
2252,2,
2253,3,
2255,1,
2258,2,
2259,4,
2260,2,
2261,1,
2266,4,
2267,1,
2268,1,
2270,2,
2271,1,
2276,2,
2277,1,
2281,3,
2282,1,
2287,31,
2288,2,
2289,1,
2295,1,
2296,1,
2297,1,
2300,2,
2301,1,
2302,1,
2303,2,
2307,2,
2314,1,
2324,1,
2329,1,
2332,2,
2335,2,
2336,1,
2338,1,
2339,3,
2342,1,
2343,1,
2344,2,
2345,2,
2349,1,
2350,1,
2356,1,
2357,1,
2359,1,
2364,2,
2374,1,
2386,1,
2388,1,
2392,1,
2393,1,
2394,1,
2395,1,
2399,1,
2405,1,
2414,1,
2429,1,
2433,1,
2437,1,
2441,1,
2442,2,
2444,1,
2449,1,
2450,1,
2451,1,
2464,1,
2466,1,
2479,1,
2483,1,
2492,1,
2496,1,
2503,1,
2512,1,
2514,1,
2526,2,
2531,2,
2533,1,
2540,1,
2545,1,
2551,1,
2552,1,
2553,1,
2555,1,
2559,1,
2561,27,
2577,1,
2601,1,
2617,1,
2799,1,
2867,1,
2896,1,
2905,1,
2908,1,
2911,1,
2912,15,
2919,1,
2927,1,
2930,1,
2942,2,
2950,1,
2952,1,
3027,1,
3273,1,
3277,3,
3281,1,
3300,1,
3596,1,
3967,1,
4429,1,
6106,1,
7689,1,
7698,1,
7880,1,
9999,9370,
10000,136,
10001,12,
10002,22,
10003,12,
10004,6,
10005,4,
10006,8,
10007,16,
10008,6,
10009,16,
10010,12,
10011,14,
10012,6,
10013,2,
10014,6,
10015,13,
10016,10,
10017,4,
10018,16,
10021,14,
10022,12,
10023,6,
10024,14,
10025,10,
10028,14,
10029,6,
10030,5,
10031,4,
10032,8,
10033,2,
10034,4,
10035,4,
10036,6,
10037,4,
10038,8,
10039,6,
10040,2,
10042,4,
10043,4,
10044,3,
10045,2,
10046,4,
10049,6,
10050,8,
10051,6,
10052,12,
10053,2,
10058,2,
10059,4,
10063,2,
10064,4,
10065,4,
10066,4,
10067,4,
10070,4,
10072,2,
10073,2,
10074,2,
10077,2,
10078,2,
10079,4,
10080,4,
10081,4,
10084,4,
10085,1,
10088,2,
10092,1,
10093,6,
10094,4,
10101,1,
10102,6,
10107,2,
10108,4,
10109,2,
10112,4,
10115,2,
10116,2,
10118,2,
10119,2,
10120,10,
10121,4,
10128,4,
10130,6,
10140,2,
10141,2,
10143,2,
10144,2,
10149,2,
10150,2,
10151,2,
10157,4,
10158,2,
10162,6,
10163,2,
10164,2,
10165,6,
10169,6,
10171,2,
10172,4,
10175,4,
10177,2,
10178,2,
10179,2,
10183,4,
10191,2,
10193,4,
10196,2,
10198,4,
10199,2,
10204,2,
10205,2,
10207,6,
10210,2,
10217,2,
10219,2,
10221,4,
10226,2,
10227,2,
10228,2,
10231,4,
10235,2,
10241,2,
10248,2,
10253,2,
10255,2,
10256,2,
10262,2,
10267,2,
10269,6,
10270,2,
10273,2,
10275,2,
10280,2,
10283,2,
10284,6,
10288,2,
10289,2,
10291,4,
10294,2,
10297,2,
10298,2,
10302,2,
10303,2,
10304,2,
10305,4,
10309,2,
10311,2,
10316,2,
10318,2,
10319,2,
10338,2,
10353,2,
10359,2,
10364,4,
10387,2,
10395,2,
10401,2,
10408,2,
10417,2,
10422,2,
10431,2,
10442,2,
10451,2,
10485,2,
10493,2,
10518,2,
10549,2,
10578,2,
10590,2,
10623,2,
10624,2,
10675,2,
10680,2,
10686,2,
10690,2,
10703,2,
10732,2,
10785,2,
10805,4,
10847,2,
10865,2,
10884,2,
10889,2,
10926,2,
10935,2,
10938,2,
10961,2,
10962,2,
10975,156,
10985,2,
10992,2,
10994,4,
11026,2,
11285,2,
11529,2,
11581,2,
11585,2,
11596,2,
11639,2,
11641,2,
11657,2,
11739,2,
11744,2,
11798,2,
11948,2,
12067,2,
28124,1,
28164,3,
28171,1,
28196,2,
28210,4,
28213,2,
28313,1,
28385,1,
28448,1,
28528,4,
28553,1,
28784,1,
28812,1,
28876,1,
40829,1,
40866,1,
40867,2,
40868,2,
40871,1,
40873,1,
40875,97,
41171,1,
41179,1,
41185,1,
41186,1,
41187,1,
41192,3,
41200,2,
41207,1,
41212,5,
41214,1,
41215,1,
41218,1,
41220,1,
41226,1,
41227,2,
41229,1,
41231,3,
41232,6,
41233,2,
41234,1,
41235,5,
41236,4,
41240,310,
730913,19,
730955,173,
